image,box.xmin, box.ymin, box.xmax, box.ymax, Cyclist, Helmet, Hovding
FRAME00026.jpg,3, 57, 41, 100, 0.0, 0.0, 0.0
FRAME00026.jpg,4, 58, 44, 99, 0.0, 0.0006572164129465818, 0.0004086053231731057
FRAME00026.jpg,3, 59, 41, 102, 0.9987597465515137, 0.0, 0.0
FRAME00026.jpg,2, 57, 46, 104, 0.0, 0.0, 0.0
FRAME00026.jpg,79, 56, 122, 130, 0.0, 0.0, 0.0
FRAME00026.jpg,87, 59, 124, 127, 0.9237324595451355, 0.0012875893153250217, 0.00017945859872270375
FRAME00114.jpg,22, 72, 39, 80, 0.0025961974170058966, 0.0038227117620408535, 0.9242469072341919
FRAME00114.jpg,22, 72, 42, 79, 0.0, 0.0, 0.0
FRAME00114.jpg,6, 57, 87, 126, 0.0, 0.0, 0.0
FRAME00114.jpg,9, 55, 84, 128, 0.0, 0.0, 0.00039347782148979604
FRAME00114.jpg,7, 61, 95, 125, 0.9998201131820679, 0.0, 0.0
FRAME00114.jpg,2, 58, 100, 127, 0.0, 0.0, 0.0
FRAME00114.jpg,10, 64, 102, 122, 0.0, 0.002564340829849243, 0.0
FRAME00114.jpg,11, 60, 91, 131, 0.0, 0.0, 0.0
FRAME00114.jpg,3, 59, 98, 132, 0.0, 0.0, 0.0
FRAME00041.jpg,6, 68, 29, 81, 0.006614211946725845, 0.9194333553314209, 0.02701357752084732
FRAME00041.jpg,-2, 63, 65, 124, 0.0, 0.0011168759083375335, 0.00012500150478444993
FRAME00041.jpg,-1, 63, 71, 125, 0.9996141195297241, 0.0, 0.0
FRAME00041.jpg,0, 64, 71, 122, 0.0, 0.0, 0.0
FRAME00041.jpg,-1, 66, 63, 127, 0.0, 0.0, 0.0
FRAME00041.jpg,-2, 67, 71, 125, 0.0, 0.0, 0.0
FRAME00027.jpg,1, 45, 8, 55, 0.017766771838068962, 0.04805934801697731, 0.675271213054657
FRAME00027.jpg,-1, 42, 64, 105, 0.0, 0.0016066154930740595, 0.0001458194019505754
FRAME00027.jpg,1, 46, 68, 103, 0.9995514750480652, 0.0, 0.0
FRAME00027.jpg,1, 37, 70, 110, 0.0, 0.0, 0.0
FRAME00027.jpg,46, 98, 133, 131, 0.5275394916534424, 0.0013642412377521396, 0.0002987016341648996
FRAME00162.jpg,2, 65, 17, 77, 0.0, 0.9956055283546448, 0.0
FRAME00162.jpg,2, 65, 17, 79, 0.002047148533165455, 0.0, 0.000438335002399981
FRAME00162.jpg,88, 51, 126, 106, 0.9990109801292419, 0.0, 0.0
FRAME00162.jpg,89, 53, 127, 107, 0.0, 0.0006478605791926384, 0.00010395705612609163
FRAME00162.jpg,-1, 61, 60, 124, 0.998492956161499, 0.0, 0.0
FRAME00162.jpg,-2, 62, 68, 123, 0.0, 0.0, 0.0
FRAME00162.jpg,0, 64, 59, 128, 0.0, 0.0015359076205641031, 0.00016789832443464547
FRAME00073.jpg,72, 40, 118, 116, 0.0, 0.0, 0.00013383565237745643
FRAME00073.jpg,70, 41, 126, 115, 0.9997777938842773, 0.0, 0.0
FRAME00073.jpg,72, 42, 127, 111, 0.0, 0.0, 0.0
FRAME00073.jpg,68, 45, 121, 115, 0.0, 0.001704005291685462, 0.0
FRAME00073.jpg,72, 43, 124, 117, 0.0, 0.0, 0.0
FRAME00169.jpg,47, 57, 124, 126, 0.9996640086174011, 0.0, 0.0
FRAME00169.jpg,47, 53, 125, 129, 0.0, 0.0, 0.00013106827100273222
FRAME00169.jpg,50, 58, 126, 125, 0.0, 0.0, 0.0
FRAME00169.jpg,44, 57, 132, 125, 0.0, 0.0, 0.0
FRAME00169.jpg,52, 57, 119, 134, 0.0, 0.0019563226960599422, 0.0
FRAME00059.jpg,44, 61, 65, 72, 0.006887786090373993, 0.0, 0.0020474125631153584
FRAME00059.jpg,44, 61, 68, 72, 0.0, 0.980097234249115, 0.0
FRAME00059.jpg,24, 57, 116, 124, 0.0, 0.0, 0.0
FRAME00059.jpg,23, 57, 117, 124, 0.0, 0.00021497491979971528, 0.00017793414008338004
FRAME00059.jpg,29, 60, 116, 120, 0.9997494220733643, 0.0, 0.0
FRAME00059.jpg,24, 58, 120, 121, 0.0, 0.0, 0.0
FRAME00095.jpg,0, 55, 67, 119, 0.0, 0.0016952870646491647, 0.0003535605501383543
FRAME00095.jpg,0, 58, 63, 122, 0.0, 0.0, 0.0
FRAME00095.jpg,0, 57, 65, 123, 0.9998372793197632, 0.0, 0.0
FRAME00062.jpg,119, 53, 127, 66, 0.0024313749745488167, 0.7244651913642883, 0.0021638507023453712
FRAME00062.jpg,80, 49, 124, 123, 0.0, 0.0, 0.0
FRAME00062.jpg,83, 50, 128, 121, 0.9991965889930725, 0.0, 0.0
FRAME00062.jpg,80, 53, 124, 123, 0.0, 0.00241227843798697, 0.0003611042338889092
FRAME00062.jpg,84, 54, 128, 123, 0.0, 0.0, 0.0
FRAME00087.jpg,44, 51, 125, 123, 0.0, 0.0, 0.0
FRAME00087.jpg,39, 51, 132, 122, 0.0, 0.0, 0.00067034742096439
FRAME00087.jpg,47, 56, 129, 117, 0.0, 0.003217831254005432, 0.0
FRAME00087.jpg,44, 53, 126, 124, 0.9997187256813049, 0.0, 0.0
FRAME00087.jpg,41, 50, 129, 126, 0.0, 0.0, 0.0
FRAME00087.jpg,43, 57, 133, 120, 0.0, 0.0, 0.0
FRAME00087.jpg,43, 54, 133, 123, 0.0, 0.0, 0.0
FRAME00185.jpg,122, 63, 126, 72, 0.004316312726587057, 0.7440713047981262, 0.015254126861691475
FRAME00185.jpg,76, 60, 128, 122, 0.9996116161346436, 0.0, 0.0
FRAME00185.jpg,76, 60, 132, 123, 0.0, 0.0, 0.0
FRAME00185.jpg,80, 70, 124, 122, 0.0, 0.004710920620709658, 0.000592954398598522
FRAME00164.jpg,50, 64, 70, 78, 0.0, 0.0, 0.00017078907694667578
FRAME00164.jpg,50, 65, 70, 79, 0.00028935950831510127, 0.9993717074394226, 0.0
FRAME00164.jpg,12, 62, 97, 123, 0.0, 0.0, 0.0
FRAME00164.jpg,12, 62, 106, 125, 0.9998204708099365, 0.0, 0.0
FRAME00164.jpg,10, 62, 109, 123, 0.0, 0.0, 0.0
FRAME00164.jpg,14, 64, 114, 121, 0.0, 0.0015872926451265812, 0.0
FRAME00164.jpg,1, 58, 126, 127, 0.0, 0.0, 0.0
FRAME00164.jpg,21, 62, 99, 129, 0.0, 0.0, 0.0
FRAME00164.jpg,17, 61, 102, 130, 0.0, 0.0, 9.814856457524002e-05
FRAME00001.jpg,26, 60, 47, 74, 0.002287468174472451, 0.989585816860199, 0.0005816734046675265
FRAME00001.jpg,-3, 56, 81, 125, 0.0, 0.0, 0.0
FRAME00001.jpg,0, 53, 78, 127, 0.0, 0.0, 0.0004727435589302331
FRAME00001.jpg,2, 60, 83, 121, 0.9999099969863892, 0.0, 0.0
FRAME00001.jpg,-4, 57, 90, 122, 0.0, 0.0, 0.0
FRAME00001.jpg,4, 59, 91, 121, 0.0, 0.0015435224631801248, 0.0
FRAME00084.jpg,2, 59, 72, 125, 0.9997949600219727, 0.0, 0.0
FRAME00084.jpg,0, 54, 76, 128, 0.0, 0.0, 9.175010200124234e-05
FRAME00084.jpg,2, 56, 77, 128, 0.0, 0.0, 0.0
FRAME00084.jpg,-7, 56, 87, 127, 0.0, 0.0, 0.0
FRAME00084.jpg,6, 63, 69, 128, 0.0, 0.0, 0.0
FRAME00084.jpg,8, 68, 72, 124, 0.0, 0.004504548851400614, 0.0
FRAME00155.jpg,0, 60, 37, 110, 0.9998629093170166, 0.0, 0.0
FRAME00155.jpg,0, 64, 38, 112, 0.0, 0.0004793483531102538, 0.00026554003125056624
FRAME00126.jpg,65, 51, 124, 116, 0.0, 0.0, 0.0
FRAME00126.jpg,66, 52, 128, 116, 0.9998799562454224, 0.0, 0.0
FRAME00126.jpg,67, 58, 128, 118, 0.0, 0.004166537895798683, 0.00021555364946834743
FRAME00156.jpg,-1, 51, 56, 107, 0.0, 0.0, 0.0
FRAME00156.jpg,1, 54, 55, 111, 0.999817967414856, 0.0, 0.0
FRAME00156.jpg,5, 54, 59, 111, 0.0, 0.0, 0.0
FRAME00156.jpg,3, 65, 54, 111, 0.0, 0.0026604465674608946, 0.00045380639494396746
FRAME00061.jpg,96, 56, 113, 66, 0.00045097098336555064, 0.9970420598983765, 0.00027032350772060454
FRAME00061.jpg,63, 52, 126, 121, 0.0, 0.0, 0.00010062708315672353
FRAME00061.jpg,65, 52, 128, 121, 0.9989961385726929, 0.0, 0.0
FRAME00061.jpg,66, 54, 123, 122, 0.0, 0.0003558447933755815, 0.0
FRAME00061.jpg,67, 54, 127, 122, 0.0, 0.0, 0.0
FRAME00173.jpg,67, 48, 84, 59, 0.0025111520662903786, 0.8145827054977417, 0.0014642225578427315
FRAME00173.jpg,23, 46, 101, 111, 0.0, 0.0017404502723366022, 0.0004549277073238045
FRAME00173.jpg,25, 47, 105, 110, 0.0, 0.0, 0.0
FRAME00173.jpg,13, 45, 118, 111, 0.0, 0.0, 0.0
FRAME00173.jpg,22, 50, 103, 111, 0.0, 0.0, 0.0
FRAME00173.jpg,20, 46, 104, 115, 0.0, 0.0, 0.0
FRAME00173.jpg,26, 50, 104, 110, 0.9986860156059265, 0.0, 0.0
FRAME00173.jpg,23, 43, 107, 117, 0.0, 0.0, 0.0
FRAME00128.jpg,1, 66, 53, 123, 0.0, 0.0004973439499735832, 9.835607488639653e-05
FRAME00128.jpg,2, 70, 53, 124, 0.9995644092559814, 0.0, 0.0
FRAME00036.jpg,0, 63, 78, 126, 0.0, 0.0, 0.0
FRAME00036.jpg,0, 62, 77, 126, 0.0, 0.0005528501933440566, 0.0005561953876167536
FRAME00036.jpg,4, 62, 76, 127, 0.0, 0.0, 0.0
FRAME00036.jpg,0, 66, 76, 126, 0.9997336268424988, 0.0, 0.0
FRAME00036.jpg,3, 58, 73, 134, 0.0, 0.0, 0.0
FRAME00036.jpg,2, 66, 78, 126, 0.0, 0.0, 0.0
FRAME00134.jpg,87, 42, 127, 116, 0.0, 0.001682078349404037, 0.0007695441017858684
FRAME00134.jpg,81, 51, 124, 114, 0.0, 0.0, 0.0
FRAME00134.jpg,86, 50, 127, 114, 0.9996371865272522, 0.0, 0.0
FRAME00038.jpg,27, 61, 114, 128, 0.0, 0.0, 0.0
FRAME00038.jpg,22, 59, 120, 129, 0.0, 0.0008195332484319806, 0.0011380023788660765
FRAME00038.jpg,32, 60, 113, 129, 0.0, 0.0, 0.0
FRAME00038.jpg,24, 62, 122, 127, 0.0, 0.0, 0.0
FRAME00038.jpg,29, 65, 111, 127, 0.0, 0.0, 0.0
FRAME00038.jpg,28, 62, 113, 130, 0.0, 0.0, 0.0
FRAME00038.jpg,32, 64, 113, 128, 0.9994091987609863, 0.0, 0.0
FRAME00038.jpg,30, 57, 116, 135, 0.0, 0.0, 0.0
FRAME00146.jpg,62, 47, 123, 117, 0.9998990297317505, 0.0, 0.0
FRAME00146.jpg,64, 42, 122, 121, 0.0, 0.0, 7.56543013267219e-05
FRAME00146.jpg,65, 46, 127, 117, 0.0, 0.001116594416089356, 0.0
FRAME00112.jpg,0, 69, 44, 121, 0.0, 0.0, 0.0002911666233558208
FRAME00112.jpg,1, 70, 47, 120, 0.0, 0.00114307866897434, 0.0
FRAME00112.jpg,0, 71, 43, 122, 0.9995158314704895, 0.0, 0.0
FRAME00112.jpg,0, 72, 48, 121, 0.0, 0.0, 0.0
FRAME00011.jpg,86, 44, 120, 94, 0.0, 0.0016858045710250735, 0.0
FRAME00011.jpg,87, 40, 126, 97, 0.9997891187667847, 0.0, 0.0
FRAME00011.jpg,89, 46, 126, 98, 0.0, 0.0, 0.00026433338643983006
FRAME00168.jpg,22, 59, 117, 125, 0.0, 0.0, 0.0
FRAME00168.jpg,22, 59, 117, 126, 0.0, 0.0, 0.00021636106248479337
FRAME00168.jpg,26, 61, 121, 124, 0.9992035627365112, 0.0, 0.0
FRAME00168.jpg,25, 56, 121, 129, 0.0, 0.0, 0.0
FRAME00168.jpg,26, 61, 133, 122, 0.0, 0.0036261058412492275, 0.0
FRAME00168.jpg,26, 60, 134, 127, 0.0, 0.0, 0.0
FRAME00168.jpg,29, 61, 109, 131, 0.0, 0.0, 0.0
FRAME00168.jpg,25, 67, 113, 125, 0.0, 0.0, 0.0
FRAME00168.jpg,32, 64, 115, 127, 0.0, 0.0, 0.0
FRAME00168.jpg,24, 56, 122, 136, 0.0, 0.0, 0.0
FRAME00009.jpg,51, 39, 121, 100, 0.9991825222969055, 0.0, 0.0
FRAME00009.jpg,55, 38, 121, 102, 0.0, 0.0, 0.0
FRAME00009.jpg,52, 41, 121, 103, 0.0, 0.0, 0.00015155259461607784
FRAME00009.jpg,53, 41, 123, 103, 0.0, 0.00046110674156807363, 0.0
FRAME00009.jpg,90, 105, 127, 126, 0.9143587946891785, 0.0, 0.0
FRAME00009.jpg,100, 104, 128, 125, 0.0, 0.0035256596747785807, 0.0036593659315258265
FRAME00040.jpg,66, 62, 123, 126, 0.0, 0.0, 0.00027684870292432606
FRAME00040.jpg,69, 64, 126, 125, 0.9990589618682861, 0.0, 0.0
FRAME00040.jpg,65, 66, 124, 126, 0.0, 0.0022113732993602753, 0.0
FRAME00040.jpg,69, 65, 126, 126, 0.0, 0.0, 0.0
FRAME00056.jpg,2, 65, 58, 123, 0.9992082118988037, 0.0, 0.0
FRAME00056.jpg,2, 65, 62, 123, 0.0, 0.0, 0.00011833298049168661
FRAME00056.jpg,1, 69, 58, 124, 0.0, 0.0, 0.0
FRAME00056.jpg,0, 67, 63, 125, 0.0, 0.0013071675784885883, 0.0
FRAME00133.jpg,65, 53, 124, 119, 0.0, 0.0, 0.0
FRAME00133.jpg,68, 53, 126, 119, 0.9991317987442017, 0.0, 0.0
FRAME00133.jpg,64, 54, 125, 121, 0.0, 0.0020199683494865894, 0.00027807443984784186
FRAME00133.jpg,69, 55, 125, 121, 0.0, 0.0, 0.0
FRAME00171.jpg,-2, 52, 64, 114, 0.0, 0.0005298696341924369, 8.080491534201428e-05
FRAME00171.jpg,1, 52, 68, 113, 0.999902606010437, 0.0, 0.0
FRAME00171.jpg,80, 59, 125, 128, 0.0, 0.0, 0.0
FRAME00171.jpg,85, 62, 125, 125, 0.9973315596580505, 0.0, 0.0
FRAME00171.jpg,85, 66, 127, 127, 0.0, 0.0014995415695011616, 0.0003223300736863166
FRAME00014.jpg,5, 63, 84, 124, 0.9998583793640137, 0.0, 0.0
FRAME00014.jpg,5, 60, 85, 125, 0.0, 0.0, 0.00010673889482859522
FRAME00014.jpg,6, 60, 90, 126, 0.0, 0.0005878654774278402, 0.0
FRAME00014.jpg,0, 60, 96, 126, 0.0, 0.0, 0.0
FRAME00014.jpg,3, 63, 86, 128, 0.0, 0.0, 0.0
FRAME00123.jpg,17, 53, 107, 120, 0.0, 0.0, 0.0
FRAME00123.jpg,21, 54, 104, 118, 0.0, 0.0, 0.0007117196219041944
FRAME00123.jpg,24, 54, 104, 120, 0.0, 0.0006720503442920744, 0.0
FRAME00123.jpg,16, 57, 112, 116, 0.0, 0.0, 0.0
FRAME00123.jpg,18, 56, 105, 121, 0.9995983839035034, 0.0, 0.0
FRAME00123.jpg,20, 53, 104, 124, 0.0, 0.0, 0.0
FRAME00123.jpg,22, 56, 106, 120, 0.0, 0.0, 0.0
FRAME00123.jpg,20, 52, 108, 125, 0.0, 0.0, 0.0
FRAME00101.jpg,-1, 65, 62, 124, 0.0, 0.0012753570917993784, 0.00044303422328084707
FRAME00101.jpg,0, 65, 66, 125, 0.0, 0.0, 0.0
FRAME00101.jpg,-1, 67, 62, 127, 0.0, 0.0, 0.0
FRAME00101.jpg,1, 67, 64, 127, 0.9996330142021179, 0.0, 0.0
FRAME00174.jpg,46, 46, 121, 109, 0.999718964099884, 0.0, 0.0
FRAME00174.jpg,45, 42, 123, 111, 0.0, 0.0, 0.0001150726166088134
FRAME00174.jpg,50, 43, 125, 111, 0.0, 0.0012109535746276379, 0.0
FRAME00174.jpg,49, 47, 119, 113, 0.0, 0.0, 0.0
FRAME00184.jpg,103, 63, 115, 72, 0.002042703330516815, 0.9752750992774963, 0.004556909203529358
FRAME00184.jpg,62, 61, 127, 121, 0.0, 0.0, 0.0
FRAME00184.jpg,65, 61, 127, 122, 0.9997382760047913, 0.0, 0.0
FRAME00184.jpg,64, 68, 125, 124, 0.0, 0.0, 0.00023763792705722153
FRAME00184.jpg,64, 68, 129, 124, 0.0, 0.004292492289096117, 0.0
FRAME00075.jpg,0, 61, 39, 112, 0.0, 0.0010406945366412401, 0.0005333620356395841
FRAME00075.jpg,0, 66, 38, 114, 0.9997636079788208, 0.0, 0.0
FRAME00132.jpg,47, 53, 123, 120, 0.0, 0.0, 0.0
FRAME00132.jpg,49, 54, 124, 118, 0.0, 0.0, 0.00041169594624079764
FRAME00132.jpg,49, 52, 126, 122, 0.0, 0.0007623927085660398, 0.0
FRAME00132.jpg,48, 55, 122, 121, 0.9994850754737854, 0.0, 0.0
FRAME00132.jpg,53, 47, 118, 129, 0.0, 0.0, 0.0
FRAME00132.jpg,48, 58, 128, 119, 0.0, 0.0, 0.0
FRAME00166.jpg,-7, 62, 85, 125, 0.0, 0.0, 0.0
FRAME00166.jpg,-6, 60, 84, 126, 0.0, 0.0009126074728555977, 0.000677449454087764
FRAME00166.jpg,-2, 62, 85, 125, 0.9992770552635193, 0.0, 0.0
FRAME00166.jpg,-6, 60, 89, 126, 0.0, 0.0, 0.0
FRAME00166.jpg,-1, 63, 79, 130, 0.0, 0.0, 0.0
FRAME00166.jpg,-4, 65, 81, 128, 0.0, 0.0, 0.0
FRAME00166.jpg,0, 66, 83, 126, 0.0, 0.0, 0.0
FRAME00166.jpg,-6, 59, 89, 133, 0.0, 0.0, 0.0
FRAME00057.jpg,1, 63, 12, 72, 0.01489486824721098, 0.0, 0.003060003509745002
FRAME00057.jpg,0, 63, 17, 72, 0.0, 0.9534426331520081, 0.0
FRAME00057.jpg,-1, 63, 79, 122, 0.9995468258857727, 0.0, 0.0
FRAME00057.jpg,-3, 60, 80, 123, 0.0, 0.0, 0.0002331031282665208
FRAME00057.jpg,0, 64, 80, 121, 0.0, 0.0, 0.0
FRAME00057.jpg,-6, 62, 88, 122, 0.0, 0.0, 0.0
FRAME00057.jpg,0, 65, 76, 126, 0.0, 0.0, 0.0
FRAME00057.jpg,3, 69, 78, 123, 0.0, 0.0028459832537919283, 0.0
FRAME00181.jpg,48, 64, 69, 73, 0.002794377040117979, 0.9724993109703064, 0.0033387497533112764
FRAME00181.jpg,20, 64, 104, 123, 0.9996545910835266, 0.0, 0.0
FRAME00181.jpg,22, 62, 102, 124, 0.0, 0.0, 0.00018643490329850465
FRAME00181.jpg,20, 63, 108, 124, 0.0, 0.0, 0.0
FRAME00181.jpg,16, 61, 113, 125, 0.0, 0.0, 0.0
FRAME00181.jpg,20, 66, 103, 126, 0.0, 0.0, 0.0
FRAME00181.jpg,24, 64, 100, 128, 0.0, 0.0, 0.0
FRAME00181.jpg,23, 67, 105, 124, 0.0, 0.002097864868119359, 0.0
FRAME00074.jpg,91, 45, 125, 111, 0.0, 0.0, 0.0
FRAME00074.jpg,90, 47, 126, 113, 0.9993682503700256, 0.00022236810764297843, 4.186421574559063e-05
FRAME00018.jpg,30, 57, 47, 67, 0.00029106950387358665, 0.9979328513145447, 0.000316270423354581
FRAME00018.jpg,31, 56, 49, 68, 0.0, 0.0, 0.0
FRAME00018.jpg,12, 53, 92, 119, 0.0, 0.0, 0.0
FRAME00018.jpg,13, 54, 93, 117, 0.0, 0.0, 0.00015211258141789585
FRAME00018.jpg,9, 53, 102, 119, 0.0, 0.0, 0.0
FRAME00018.jpg,12, 55, 92, 120, 0.9994877576828003, 0.0, 0.0
FRAME00018.jpg,13, 51, 92, 125, 0.0, 0.0, 0.0
FRAME00018.jpg,15, 58, 97, 118, 0.0, 0.0021174016874283552, 0.0
FRAME00144.jpg,18, 51, 104, 122, 0.0, 0.0, 0.0
FRAME00144.jpg,20, 55, 103, 118, 0.0, 0.0, 0.0004881398635916412
FRAME00144.jpg,24, 49, 104, 124, 0.0, 0.0008435522322542965, 0.0
FRAME00144.jpg,15, 58, 113, 115, 0.0, 0.0, 0.0
FRAME00144.jpg,17, 55, 105, 121, 0.9996708035469055, 0.0, 0.0
FRAME00144.jpg,12, 53, 110, 123, 0.0, 0.0, 0.0
FRAME00144.jpg,22, 56, 106, 121, 0.0, 0.0, 0.0
FRAME00144.jpg,23, 54, 105, 122, 0.0, 0.0, 0.0
FRAME00092.jpg,59, 53, 114, 120, 0.0, 0.003887153696268797, 0.0011965993326157331
FRAME00092.jpg,56, 49, 122, 124, 0.0, 0.0, 0.0
FRAME00092.jpg,47, 50, 131, 123, 0.0, 0.0, 0.0
FRAME00092.jpg,49, 53, 124, 124, 0.0, 0.0, 0.0
FRAME00092.jpg,52, 48, 122, 130, 0.0, 0.0, 0.0
FRAME00092.jpg,51, 54, 126, 124, 0.9997172951698303, 0.0, 0.0
FRAME00092.jpg,52, 49, 127, 128, 0.0, 0.0, 0.0
FRAME00065.jpg,33, 52, 108, 116, 0.0, 0.0, 0.0
FRAME00065.jpg,37, 43, 104, 124, 0.0, 0.0, 0.0003414155507925898
FRAME00065.jpg,36, 50, 109, 119, 0.9997418522834778, 0.0, 0.0
FRAME00065.jpg,31, 49, 115, 118, 0.0, 0.0, 0.0
FRAME00065.jpg,32, 50, 108, 125, 0.0, 0.0, 0.0
FRAME00065.jpg,37, 54, 109, 121, 0.0, 0.0015557025326415896, 0.0
FRAME00130.jpg,1, 60, 92, 121, 0.0, 0.0, 0.0
FRAME00130.jpg,5, 51, 88, 130, 0.0, 0.00037132774014025927, 0.00028621774981729686
FRAME00130.jpg,7, 61, 91, 121, 0.9999299049377441, 0.0, 0.0
FRAME00130.jpg,-3, 57, 102, 123, 0.0, 0.0, 0.0
FRAME00154.jpg,51, 57, 122, 123, 0.0, 0.0011073385830968618, 7.635751535417512e-05
FRAME00154.jpg,57, 60, 125, 122, 0.9998550415039062, 0.0, 0.0
FRAME00154.jpg,59, 55, 125, 124, 0.0, 0.0, 0.0
FRAME00154.jpg,61, 57, 131, 124, 0.0, 0.0, 0.0
FRAME00129.jpg,1, 61, 72, 124, 0.9999169111251831, 0.0, 0.0
FRAME00129.jpg,3, 58, 71, 125, 0.0, 0.0, 6.717789074173197e-05
FRAME00129.jpg,2, 61, 77, 125, 0.0, 0.0, 0.0
FRAME00129.jpg,3, 64, 72, 128, 0.0, 0.0, 0.0
FRAME00129.jpg,5, 68, 75, 124, 0.0, 0.005647954996675253, 0.0
FRAME00037.jpg,9, 64, 98, 125, 0.0, 0.0, 0.0
FRAME00037.jpg,8, 65, 99, 124, 0.0, 0.0, 0.0005602870951406658
FRAME00037.jpg,13, 61, 99, 128, 0.0, 0.0009119678870774806, 0.0
FRAME00037.jpg,8, 70, 103, 119, 0.0, 0.0, 0.0
FRAME00037.jpg,11, 66, 95, 126, 0.9997020363807678, 0.0, 0.0
FRAME00037.jpg,13, 59, 94, 133, 0.0, 0.0, 0.0
FRAME00037.jpg,15, 67, 97, 125, 0.0, 0.0, 0.0
FRAME00037.jpg,15, 59, 97, 133, 0.0, 0.0, 0.0
FRAME00029.jpg,44, 32, 113, 102, 0.0, 0.0, 0.0
FRAME00029.jpg,46, 22, 111, 111, 0.0, 0.0, 0.0002813451283145696
FRAME00029.jpg,47, 35, 115, 101, 0.9998946189880371, 0.0, 0.0
FRAME00029.jpg,42, 31, 121, 103, 0.0, 0.0, 0.0
FRAME00029.jpg,49, 37, 114, 107, 0.0, 0.001623394200578332, 0.0
FRAME00006.jpg,-2, 43, 78, 96, 0.0, 0.0007649856270290911, 0.0006281458772718906
FRAME00006.jpg,2, 42, 80, 99, 0.0, 0.0, 0.0
FRAME00006.jpg,1, 45, 75, 101, 0.0, 0.0, 0.0
FRAME00006.jpg,4, 46, 79, 100, 0.9991933703422546, 0.0, 0.0
FRAME00006.jpg,76, 61, 127, 125, 0.0, 0.0, 0.0
FRAME00006.jpg,84, 66, 129, 121, 0.9982250928878784, 0.0, 0.0
FRAME00006.jpg,85, 70, 129, 122, 0.0, 0.001475611818023026, 0.00024283293168991804
FRAME00179.jpg,1, 64, 76, 124, 0.0, 0.0, 0.00015036444528959692
FRAME00179.jpg,0, 64, 83, 124, 0.9997465014457703, 0.0, 0.0
FRAME00179.jpg,0, 62, 84, 124, 0.0, 0.0, 0.0
FRAME00179.jpg,0, 61, 77, 131, 0.0, 0.0011698087910190225, 0.0
FRAME00179.jpg,0, 65, 83, 127, 0.0, 0.0, 0.0
FRAME00179.jpg,6, 56, 79, 136, 0.0, 0.0, 0.0
FRAME00003.jpg,77, 61, 96, 73, 0.010456692427396774, 0.0, 0.00121249258518219
FRAME00003.jpg,79, 60, 98, 74, 0.0, 0.9914928674697876, 0.0
FRAME00003.jpg,33, 59, 120, 124, 0.9998337030410767, 0.0, 0.0
FRAME00003.jpg,28, 55, 124, 127, 0.0, 0.0, 6.900580046931282e-05
FRAME00003.jpg,32, 59, 128, 123, 0.0, 0.0, 0.0
FRAME00003.jpg,27, 58, 133, 124, 0.0, 0.0, 0.0
FRAME00003.jpg,42, 59, 111, 133, 0.0, 0.0023552170023322105, 0.0
FRAME00031.jpg,95, 33, 126, 91, 0.0, 0.0, 0.0
FRAME00031.jpg,99, 32, 128, 92, 0.9977006316184998, 0.0, 0.0
FRAME00031.jpg,97, 40, 125, 93, 0.0, 0.0, 0.0
FRAME00031.jpg,97, 35, 128, 95, 0.0, 0.0, 0.0
FRAME00031.jpg,97, 52, 122, 97, 0.0, 0.010303412564098835, 0.0008677538717165589
FRAME00064.jpg,10, 54, 84, 116, 0.0, 0.0016556610353291035, 0.00018806463049259037
FRAME00064.jpg,12, 50, 88, 121, 0.9996025562286377, 0.0, 0.0
FRAME00064.jpg,6, 51, 94, 119, 0.0, 0.0, 0.0
FRAME00064.jpg,8, 54, 84, 123, 0.0, 0.0, 0.0
FRAME00064.jpg,12, 53, 85, 123, 0.0, 0.0, 0.0
FRAME00064.jpg,11, 53, 88, 123, 0.0, 0.0, 0.0
FRAME00139.jpg,2, 65, 22, 75, 0.0, 0.9378736615180969, 0.0
FRAME00139.jpg,5, 68, 20, 77, 0.014475916512310505, 0.0, 0.07473843544721603
FRAME00139.jpg,0, 64, 61, 121, 0.9996822476387024, 0.0, 0.0
FRAME00139.jpg,2, 65, 62, 120, 0.0, 0.0, 0.0
FRAME00139.jpg,0, 69, 61, 122, 0.0, 0.0, 0.0
FRAME00139.jpg,2, 71, 63, 121, 0.0, 0.0054671019315719604, 0.00055796152446419
FRAME00022.jpg,4, 62, 24, 75, 0.0, 0.9981431365013123, 0.0
FRAME00022.jpg,6, 62, 26, 73, 0.0009501634631305933, 0.0, 0.00020120169210713357
FRAME00022.jpg,0, 61, 71, 124, 0.9999111890792847, 0.0, 0.0
FRAME00022.jpg,0, 59, 73, 124, 0.0, 0.0, 5.380748916650191e-05
FRAME00022.jpg,1, 59, 78, 127, 0.0, 0.000989227555692196, 0.0
FRAME00022.jpg,2, 63, 70, 129, 0.0, 0.0, 0.0
FRAME00034.jpg,76, 47, 125, 117, 0.9996089935302734, 0.0, 0.0
FRAME00034.jpg,77, 47, 131, 117, 0.0, 0.00036929917405359447, 5.081960262032226e-05
FRAME00051.jpg,26, 50, 97, 121, 0.0, 0.001750388415530324, 0.0
FRAME00051.jpg,27, 45, 98, 127, 0.0, 0.0, 0.0009401403367519379
FRAME00051.jpg,25, 51, 105, 122, 0.0, 0.0, 0.0
FRAME00051.jpg,21, 50, 110, 124, 0.0, 0.0, 0.0
FRAME00051.jpg,16, 53, 109, 124, 0.0, 0.0, 0.0
FRAME00051.jpg,17, 53, 108, 124, 0.0, 0.0, 0.0
FRAME00051.jpg,20, 55, 110, 122, 0.9997217059135437, 0.0, 0.0
FRAME00051.jpg,19, 51, 111, 125, 0.0, 0.0, 0.0
FRAME00127.jpg,82, 45, 128, 112, 0.0, 0.001038511749356985, 0.0002657696313690394
FRAME00127.jpg,81, 50, 125, 114, 0.0, 0.0, 0.0
FRAME00127.jpg,82, 50, 127, 114, 0.9996224045753479, 0.0, 0.0
FRAME00145.jpg,42, 50, 114, 120, 0.0, 0.0, 0.0
FRAME00145.jpg,44, 48, 112, 120, 0.0, 0.0, 0.00026271387469023466
FRAME00145.jpg,44, 49, 117, 121, 0.9995858669281006, 0.0, 0.0
FRAME00145.jpg,40, 47, 121, 122, 0.0, 0.0, 0.0
FRAME00145.jpg,42, 50, 113, 126, 0.0, 0.0, 0.0
FRAME00145.jpg,45, 51, 116, 124, 0.0, 0.0025751092471182346, 0.0
FRAME00083.jpg,1, 64, 53, 126, 0.0, 0.0, 0.000744496239349246
FRAME00083.jpg,1, 70, 45, 129, 0.0, 0.0, 0.0
FRAME00083.jpg,2, 73, 50, 125, 0.9998574256896973, 0.0, 0.0
FRAME00083.jpg,1, 82, 52, 126, 0.0, 0.002056294586509466, 0.0
FRAME00024.jpg,76, 57, 97, 69, 0.0, 0.0, 0.00029965711291879416
FRAME00024.jpg,76, 58, 96, 71, 0.0, 0.9987601637840271, 0.0
FRAME00024.jpg,78, 58, 98, 71, 0.0017989894840866327, 0.0, 0.0
FRAME00024.jpg,43, 57, 119, 117, 0.0, 0.005673770792782307, 0.0002930552000179887
FRAME00024.jpg,32, 55, 124, 124, 0.0, 0.0, 0.0
FRAME00024.jpg,30, 55, 126, 124, 0.0, 0.0, 0.0
FRAME00024.jpg,38, 56, 123, 122, 0.999592661857605, 0.0, 0.0
FRAME00024.jpg,31, 54, 130, 124, 0.0, 0.0, 0.0
FRAME00086.jpg,13, 56, 112, 125, 0.0, 0.0, 0.0
FRAME00086.jpg,19, 49, 106, 131, 0.0, 0.0, 0.0004855448205489665
FRAME00086.jpg,18, 58, 115, 123, 0.9998747110366821, 0.0, 0.0
FRAME00086.jpg,19, 54, 113, 126, 0.0, 0.0, 0.0
FRAME00086.jpg,22, 61, 122, 120, 0.0, 0.0030978433787822723, 0.0
FRAME00086.jpg,19, 50, 125, 131, 0.0, 0.0, 0.0
FRAME00072.jpg,52, 40, 125, 118, 0.0, 0.0015903653111308813, 0.00042166595812886953
FRAME00072.jpg,49, 35, 128, 123, 0.0, 0.0, 0.0
FRAME00072.jpg,47, 43, 126, 119, 0.0, 0.0, 0.0
FRAME00072.jpg,47, 41, 126, 121, 0.0, 0.0, 0.0
FRAME00072.jpg,52, 43, 125, 120, 0.9998501539230347, 0.0, 0.0
FRAME00072.jpg,50, 41, 127, 121, 0.0, 0.0, 0.0
FRAME00149.jpg,0, 63, 46, 126, 0.0, 0.0016918928595259786, 0.00047099011135287583
FRAME00149.jpg,1, 65, 48, 124, 0.0, 0.0, 0.0
FRAME00149.jpg,1, 69, 44, 125, 0.0, 0.0, 0.0
FRAME00149.jpg,1, 69, 48, 124, 0.9992530345916748, 0.0, 0.0
FRAME00068.jpg,2, 61, 44, 111, 0.0, 0.004252380691468716, 0.0005556035903282464
FRAME00068.jpg,0, 59, 50, 114, 0.0, 0.0, 0.0
FRAME00068.jpg,-3, 59, 49, 118, 0.0, 0.0, 0.0
FRAME00068.jpg,0, 61, 51, 116, 0.9994009137153625, 0.0, 0.0
FRAME00131.jpg,27, 54, 106, 119, 0.0, 0.0008210266241803765, 0.0004128947912249714
FRAME00131.jpg,14, 58, 110, 120, 0.0, 0.0, 0.0
FRAME00131.jpg,12, 56, 113, 123, 0.0, 0.0, 0.0
FRAME00131.jpg,23, 58, 108, 120, 0.9998117685317993, 0.0, 0.0
FRAME00131.jpg,14, 55, 117, 123, 0.0, 0.0, 0.0
FRAME00063.jpg,0, 53, 61, 119, 0.0, 0.0008209499064832926, 0.00022081304632592946
FRAME00063.jpg,1, 53, 65, 119, 0.0, 0.0, 0.0
FRAME00063.jpg,0, 56, 62, 121, 0.0, 0.0, 0.0
FRAME00063.jpg,1, 56, 65, 121, 0.9994583129882812, 0.0, 0.0
FRAME00100.jpg,1, 64, 48, 125, 0.0, 0.0, 0.0005603251047432423
FRAME00100.jpg,2, 71, 43, 127, 0.0, 0.0, 0.0
FRAME00100.jpg,3, 72, 45, 125, 0.9995596408843994, 0.0, 0.0
FRAME00100.jpg,1, 83, 42, 125, 0.0, 0.00241627125069499, 0.0
FRAME00103.jpg,15, 66, 100, 124, 0.0, 0.0004357296274974942, 0.0
FRAME00103.jpg,7, 70, 107, 119, 0.0, 0.0, 0.0003148775140289217
FRAME00103.jpg,4, 69, 104, 125, 0.0, 0.0, 0.0
FRAME00103.jpg,4, 67, 104, 127, 0.0, 0.0, 0.0
FRAME00103.jpg,10, 68, 103, 125, 0.9998679161071777, 0.0, 0.0
FRAME00103.jpg,10, 63, 104, 130, 0.0, 0.0, 0.0
FRAME00150.jpg,-3, 62, 65, 126, 0.0, 0.0004943886888213456, 0.00016589973529335111
FRAME00150.jpg,-3, 64, 70, 124, 0.0, 0.0, 0.0
FRAME00150.jpg,0, 65, 63, 127, 0.0, 0.0, 0.0
FRAME00150.jpg,-1, 66, 69, 126, 0.9992992281913757, 0.0, 0.0
FRAME00097.jpg,19, 51, 104, 121, 0.0, 0.0, 0.0
FRAME00097.jpg,17, 53, 106, 119, 0.0, 0.0, 0.00038954379851929843
FRAME00097.jpg,24, 50, 104, 123, 0.0, 0.0, 0.0
FRAME00097.jpg,14, 54, 114, 119, 0.0, 0.0, 0.0
FRAME00097.jpg,20, 55, 102, 122, 0.9992742538452148, 0.0, 0.0
FRAME00097.jpg,16, 53, 107, 123, 0.0, 0.0, 0.0
FRAME00097.jpg,21, 55, 106, 121, 0.0, 0.0005876770592294633, 0.0
FRAME00097.jpg,22, 52, 106, 124, 0.0, 0.0, 0.0
FRAME00032.jpg,42, 52, 115, 119, 0.0, 0.0, 0.00026118074310943484
FRAME00032.jpg,44, 52, 121, 121, 0.0, 0.0, 0.0
FRAME00032.jpg,39, 54, 127, 118, 0.0, 0.0, 0.0
FRAME00032.jpg,42, 50, 114, 126, 0.0, 0.0014104075962677598, 0.0
FRAME00032.jpg,44, 55, 121, 120, 0.9992069602012634, 0.0, 0.0
FRAME00032.jpg,46, 49, 120, 127, 0.0, 0.0, 0.0
FRAME00066.jpg,61, 44, 126, 114, 0.0, 0.0009110901737585664, 0.0009033282403834164
FRAME00066.jpg,59, 47, 127, 115, 0.9999327659606934, 0.0, 0.0
FRAME00066.jpg,62, 41, 124, 121, 0.0, 0.0, 0.0
FRAME00066.jpg,60, 47, 131, 114, 0.0, 0.0, 0.0
FRAME00124.jpg,35, 54, 119, 120, 0.0, 0.0, 0.0
FRAME00124.jpg,35, 54, 121, 119, 0.0, 0.0, 0.0006678773206658661
FRAME00124.jpg,42, 55, 118, 119, 0.0, 0.0017126994207501411, 0.0
FRAME00124.jpg,29, 60, 131, 114, 0.0, 0.0, 0.0
FRAME00124.jpg,36, 55, 119, 121, 0.999762237071991, 0.0, 0.0
FRAME00124.jpg,40, 51, 115, 125, 0.0, 0.0, 0.0
FRAME00124.jpg,39, 55, 121, 121, 0.0, 0.0, 0.0
FRAME00124.jpg,38, 53, 122, 124, 0.0, 0.0, 0.0
FRAME00028.jpg,14, 39, 94, 101, 0.0, 0.0, 0.0
FRAME00028.jpg,12, 36, 97, 102, 0.0, 0.0006226053228601813, 0.0006512621766887605
FRAME00028.jpg,19, 40, 94, 101, 0.0, 0.0, 0.0
FRAME00028.jpg,12, 42, 101, 98, 0.0, 0.0, 0.0
FRAME00028.jpg,15, 42, 94, 103, 0.0, 0.0, 0.0
FRAME00028.jpg,18, 39, 91, 106, 0.0, 0.0, 0.0
FRAME00028.jpg,16, 43, 97, 102, 0.9989794492721558, 0.0, 0.0
FRAME00028.jpg,15, 37, 98, 108, 0.0, 0.0, 0.0
FRAME00028.jpg,70, 101, 132, 128, 0.7083016037940979, 0.006462127901613712, 0.0032861207146197557
FRAME00053.jpg,55, 49, 126, 124, 0.9997156262397766, 0.0, 0.0
FRAME00053.jpg,58, 47, 125, 124, 0.0, 0.0, 0.00010519969509914517
FRAME00053.jpg,48, 48, 126, 129, 0.0, 0.0010458525503054261, 0.0
FRAME00053.jpg,53, 52, 128, 124, 0.0, 0.0, 0.0
FRAME00053.jpg,60, 47, 123, 129, 0.0, 0.0, 0.0
FRAME00151.jpg,6, 64, 84, 123, 0.9997869729995728, 0.0, 0.0
FRAME00151.jpg,6, 64, 85, 122, 0.0, 0.0, 0.00014985870802775025
FRAME00151.jpg,6, 62, 89, 125, 0.0, 0.0, 0.0
FRAME00151.jpg,4, 66, 84, 126, 0.0, 0.0, 0.0
FRAME00151.jpg,1, 70, 95, 121, 0.0, 0.0029269398655742407, 0.0
FRAME00080.jpg,93, 47, 109, 58, 4.232011269778013e-05, 0.9993531107902527, 2.3787770260241814e-05
FRAME00080.jpg,59, 44, 126, 111, 0.9997609853744507, 0.0, 0.0
FRAME00080.jpg,62, 40, 124, 114, 0.0, 0.0, 0.00013839162420481443
FRAME00080.jpg,60, 41, 131, 114, 0.0, 0.0, 0.0
FRAME00080.jpg,60, 45, 125, 115, 0.0, 0.0, 0.0
FRAME00080.jpg,60, 51, 132, 109, 0.0, 0.004489563871175051, 0.0
FRAME00111.jpg,81, 48, 124, 119, 0.0, 0.00038532522739842534, 9.517124271951616e-05
FRAME00111.jpg,85, 51, 126, 116, 0.999628484249115, 0.0, 0.0
FRAME00180.jpg,31, 65, 47, 72, 0.0032754186540842056, 0.0, 0.0
FRAME00180.jpg,30, 64, 50, 72, 0.0, 0.9825031757354736, 0.003290248103439808
FRAME00180.jpg,6, 64, 88, 121, 0.0, 0.0019337174016982317, 0.00010868817480513826
FRAME00180.jpg,5, 64, 97, 123, 0.9998128414154053, 0.0, 0.0
FRAME00180.jpg,5, 60, 98, 125, 0.0, 0.0, 0.0
FRAME00180.jpg,6, 63, 105, 123, 0.0, 0.0, 0.0
FRAME00180.jpg,7, 65, 94, 126, 0.0, 0.0, 0.0
FRAME00180.jpg,10, 61, 92, 131, 0.0, 0.0, 0.0
FRAME00175.jpg,64, 44, 124, 107, 0.0, 0.00011080870899604633, 1.2116908692405559e-05
FRAME00175.jpg,68, 44, 125, 107, 0.9995298981666565, 0.0, 0.0
FRAME00050.jpg,28, 63, 45, 71, 0.0032814976293593645, 0.017829105257987976, 0.7509435415267944
FRAME00050.jpg,9, 50, 93, 122, 0.0, 0.0, 0.0
FRAME00050.jpg,9, 49, 93, 124, 0.0, 0.0, 0.00016863353084772825
FRAME00050.jpg,10, 51, 83, 126, 0.0, 0.0, 0.0
FRAME00050.jpg,8, 53, 95, 124, 0.9998290538787842, 0.0, 0.0
FRAME00050.jpg,8, 48, 95, 128, 0.0, 0.0, 0.0
FRAME00050.jpg,9, 55, 103, 121, 0.0, 0.0019418246811255813, 0.0
FRAME00050.jpg,20, 48, 92, 129, 0.0, 0.0, 0.0
FRAME00119.jpg,0, 73, 35, 117, 0.0, 0.0, 0.0
FRAME00119.jpg,-1, 76, 32, 116, 0.0, 0.0017554276855662465, 0.00043107764213345945
FRAME00119.jpg,-1, 75, 36, 117, 0.999332845211029, 0.0, 0.0
FRAME00121.jpg,4, 57, 55, 116, 0.0, 0.002590676536783576, 0.0010125014232471585
FRAME00121.jpg,0, 60, 62, 120, 0.0, 0.0, 0.0
FRAME00121.jpg,2, 60, 63, 120, 0.9995680451393127, 0.0, 0.0
FRAME00143.jpg,3, 54, 88, 119, 0.0, 0.0, 0.0
FRAME00143.jpg,9, 56, 84, 115, 0.0, 0.0, 0.00038440097705461085
FRAME00143.jpg,8, 54, 88, 120, 0.0, 0.0006586569361388683, 0.0
FRAME00143.jpg,3, 60, 94, 112, 0.0, 0.0, 0.0
FRAME00143.jpg,6, 57, 85, 120, 0.9995478987693787, 0.0, 0.0
FRAME00143.jpg,8, 51, 84, 126, 0.0, 0.0, 0.0
FRAME00143.jpg,8, 56, 88, 121, 0.0, 0.0, 0.0
FRAME00143.jpg,9, 52, 88, 124, 0.0, 0.0, 0.0
FRAME00172.jpg,11, 46, 88, 112, 0.0, 0.0011839227518066764, 0.0
FRAME00172.jpg,6, 52, 86, 110, 0.0, 0.0, 0.0
FRAME00172.jpg,6, 42, 87, 121, 0.0, 0.0, 0.0002865694696083665
FRAME00172.jpg,11, 51, 87, 111, 0.999625027179718, 0.0, 0.0
FRAME00172.jpg,6, 42, 93, 119, 0.0, 0.0, 0.0
FRAME00090.jpg,4, 60, 88, 124, 0.0, 0.0, 0.0
FRAME00090.jpg,5, 57, 88, 126, 0.0, 0.0, 0.00016698447871021926
FRAME00090.jpg,7, 59, 90, 123, 0.9997870922088623, 0.0, 0.0
FRAME00090.jpg,-4, 58, 102, 124, 0.0, 0.0, 0.0
FRAME00090.jpg,5, 61, 87, 130, 0.0, 0.0, 0.0
FRAME00090.jpg,8, 65, 88, 126, 0.0, 0.002577924868091941, 0.0
FRAME00078.jpg,39, 48, 55, 62, 0.0, 0.0, 0.0
FRAME00078.jpg,40, 49, 57, 62, 0.0, 0.0, 0.0002469354076310992
FRAME00078.jpg,38, 49, 55, 64, 0.001543917809613049, 0.0, 0.0
FRAME00078.jpg,38, 50, 58, 63, 0.0, 0.9983058571815491, 0.0
FRAME00078.jpg,10, 48, 98, 116, 0.0, 0.0, 0.0
FRAME00078.jpg,11, 45, 97, 119, 0.0, 0.00024162858608178794, 0.00019164536206517369
FRAME00078.jpg,17, 48, 96, 115, 0.999675452709198, 0.0, 0.0
FRAME00078.jpg,14, 49, 99, 114, 0.0, 0.0, 0.0
FRAME00104.jpg,31, 65, 118, 125, 0.0, 0.0, 0.0
FRAME00104.jpg,28, 65, 122, 124, 0.0, 0.0, 0.000260394619544968
FRAME00104.jpg,27, 65, 114, 128, 0.0, 0.0, 0.0
FRAME00104.jpg,29, 67, 120, 126, 0.999921441078186, 0.0, 0.0
FRAME00104.jpg,28, 65, 122, 127, 0.0, 0.0, 0.0
FRAME00104.jpg,32, 71, 128, 122, 0.0, 0.0028031696565449238, 0.0
FRAME00054.jpg,70, 50, 128, 121, 0.999775767326355, 0.0, 0.0
FRAME00054.jpg,73, 48, 128, 121, 0.0, 0.0, 7.358954462688416e-05
FRAME00054.jpg,70, 53, 128, 123, 0.0, 0.00044501040247268975, 0.0
FRAME00152.jpg,19, 63, 102, 122, 0.9997707605361938, 0.0, 0.0
FRAME00152.jpg,16, 58, 106, 126, 0.0, 0.0, 9.11216193344444e-05
FRAME00152.jpg,22, 60, 105, 124, 0.0, 0.0, 0.0
FRAME00152.jpg,12, 61, 116, 123, 0.0, 0.0, 0.0
FRAME00152.jpg,22, 62, 99, 129, 0.0, 0.00046050926903262734, 0.0
FRAME00021.jpg,1, 66, 42, 124, 0.0, 0.0, 0.0
FRAME00021.jpg,0, 69, 48, 120, 0.0, 0.0014733016723766923, 0.00043140319758094847
FRAME00021.jpg,0, 70, 43, 124, 0.9997563362121582, 0.0, 0.0
FRAME00021.jpg,0, 70, 48, 124, 0.0, 0.0, 0.0
FRAME00048.jpg,1, 65, 45, 119, 0.0, 0.0, 0.000607167836278677
FRAME00048.jpg,1, 65, 50, 120, 0.9995200037956238, 0.0, 0.0
FRAME00048.jpg,0, 70, 52, 122, 0.0, 0.0018517610151320696, 0.0
FRAME00158.jpg,12, 51, 90, 107, 0.0, 0.0, 0.0
FRAME00158.jpg,10, 45, 95, 112, 0.0, 0.0, 0.00043340882984921336
FRAME00158.jpg,10, 49, 83, 112, 0.0, 0.0, 0.0
FRAME00158.jpg,12, 50, 91, 111, 0.9998722076416016, 0.0, 0.0
FRAME00158.jpg,15, 43, 89, 118, 0.0, 0.0, 0.0
FRAME00158.jpg,14, 51, 98, 110, 0.0, 0.0023888431023806334, 0.0
FRAME00135.jpg,0, 54, 18, 70, 0.005496862810105085, 0.9542069435119629, 0.0021946507040411234
FRAME00135.jpg,1, 51, 56, 121, 0.0, 0.0, 0.0
FRAME00135.jpg,1, 49, 63, 123, 0.0, 0.0, 0.00011968398030148819
FRAME00135.jpg,2, 55, 54, 121, 0.9992712140083313, 0.0, 0.0
FRAME00135.jpg,2, 52, 62, 124, 0.0, 0.002754431450739503, 0.0
FRAME00120.jpg,-1, 65, 47, 119, 0.0, 0.0, 0.0
FRAME00120.jpg,0, 66, 49, 119, 0.9995335936546326, 0.0, 0.0
FRAME00120.jpg,0, 72, 51, 120, 0.0, 0.003406923497095704, 0.0004875000740867108
FRAME00170.jpg,-1, 53, 47, 116, 0.0, 0.0, 0.0
FRAME00170.jpg,0, 56, 51, 113, 0.9994238018989563, 0.0, 0.0
FRAME00170.jpg,68, 49, 128, 125, 0.0, 0.0014434107579290867, 0.0005668991943821311
FRAME00170.jpg,0, 61, 45, 115, 0.0, 0.0025622255634516478, 0.00043240829836577177
FRAME00170.jpg,0, 59, 52, 117, 0.0, 0.0, 0.0
FRAME00170.jpg,63, 50, 126, 129, 0.0, 0.0, 0.0
FRAME00170.jpg,66, 53, 129, 127, 0.9998595714569092, 0.0, 0.0
FRAME00170.jpg,63, 48, 133, 130, 0.0, 0.0, 0.0
FRAME00058.jpg,21, 62, 40, 72, 0.0, 0.9672070145606995, 0.0
FRAME00058.jpg,23, 62, 42, 71, 0.0057983119040727615, 0.0, 0.009083962067961693
FRAME00058.jpg,7, 61, 99, 122, 0.9998829364776611, 0.0, 0.0
FRAME00058.jpg,0, 58, 106, 124, 0.0, 0.0, 7.42557822377421e-05
FRAME00058.jpg,10, 63, 102, 119, 0.0, 0.0, 0.0
FRAME00058.jpg,4, 58, 107, 124, 0.0, 0.0, 0.0
FRAME00058.jpg,13, 60, 92, 131, 0.0, 0.0014972598291933537, 0.0
FRAME00000.jpg,2, 59, 22, 74, 0.0015694713220000267, 0.9897801280021667, 0.00033717555925250053
FRAME00000.jpg,-1, 58, 63, 126, 0.0, 0.0, 6.40981670585461e-05
FRAME00000.jpg,1, 60, 66, 125, 0.999914288520813, 0.0, 0.0
FRAME00000.jpg,0, 57, 70, 124, 0.0, 0.0, 0.0
FRAME00000.jpg,0, 64, 68, 128, 0.0, 0.0021004201844334602, 0.0
FRAME00002.jpg,52, 61, 72, 74, 0.0, 0.9830887913703918, 0.0
FRAME00002.jpg,55, 61, 74, 74, 0.008403423242270947, 0.0, 0.002377683762460947
FRAME00002.jpg,9, 59, 100, 124, 0.0, 0.0, 0.0
FRAME00002.jpg,9, 54, 101, 129, 0.0, 0.0, 0.0005466124275699258
FRAME00002.jpg,14, 60, 101, 123, 0.9998950958251953, 0.0, 0.0
FRAME00002.jpg,5, 59, 110, 122, 0.0, 0.0, 0.0
FRAME00002.jpg,19, 62, 96, 130, 0.0, 0.0020374145824462175, 0.0
FRAME00085.jpg,1, 57, 93, 125, 0.0, 0.0, 0.0
FRAME00085.jpg,1, 49, 93, 132, 0.0, 0.0, 0.00031902006594464183
FRAME00085.jpg,3, 60, 95, 123, 0.9998182058334351, 0.0, 0.0
FRAME00085.jpg,0, 56, 98, 125, 0.0, 0.0, 0.0
FRAME00085.jpg,10, 63, 88, 128, 0.0, 0.003702713642269373, 0.0
FRAME00176.jpg,74, 42, 127, 109, 0.0, 0.0, 0.0
FRAME00176.jpg,84, 44, 126, 104, 0.9944626092910767, 0.00034156121546402574, 8.774208254180849e-05
FRAME00176.jpg,53, 52, 115, 114, 0.8460109829902649, 0.0011304629733785987, 8.846489799907431e-05
FRAME00044.jpg,86, 62, 103, 73, 0.0003412679652683437, 0.9968739151954651, 0.00014045846182852983
FRAME00044.jpg,88, 62, 104, 73, 0.0, 0.0, 0.0
FRAME00044.jpg,36, 56, 121, 129, 0.0, 0.0, 0.0
FRAME00044.jpg,41, 50, 117, 132, 0.0, 0.0, 0.0006054487312212586
FRAME00044.jpg,42, 60, 122, 125, 0.9998596906661987, 0.0, 0.0
FRAME00044.jpg,36, 53, 128, 130, 0.0, 0.0, 0.0
FRAME00044.jpg,47, 60, 117, 131, 0.0, 0.0019411955727264285, 0.0
FRAME00159.jpg,29, 50, 109, 108, 0.0, 0.001165084890089929, 0.0015244667883962393
FRAME00159.jpg,31, 50, 106, 112, 0.9998922348022461, 0.0, 0.0
FRAME00159.jpg,35, 42, 103, 120, 0.0, 0.0, 0.0
FRAME00159.jpg,33, 50, 111, 112, 0.0, 0.0, 0.0
FRAME00125.jpg,48, 53, 126, 118, 0.0, 0.0, 0.0
FRAME00125.jpg,48, 45, 126, 124, 0.0, 0.0, 0.0005864828126505017
FRAME00125.jpg,52, 54, 127, 118, 0.999754011631012, 0.0, 0.0
FRAME00125.jpg,48, 52, 131, 119, 0.0, 0.0, 0.0
FRAME00125.jpg,49, 52, 124, 124, 0.0, 0.0007559249643236399, 0.0
FRAME00125.jpg,52, 55, 127, 121, 0.0, 0.0, 0.0
FRAME00161.jpg,66, 43, 124, 114, 0.0, 0.0, 0.00015547753719147295
FRAME00161.jpg,67, 45, 128, 111, 0.9996882081031799, 0.0, 0.0
FRAME00161.jpg,65, 48, 124, 111, 0.0, 0.0009955831337720156, 0.0
FRAME00161.jpg,68, 48, 126, 112, 0.0, 0.0, 0.0
FRAME00161.jpg,2, 64, 37, 125, 0.0, 0.0, 0.0
FRAME00161.jpg,1, 66, 38, 128, 0.9060521125793457, 0.0007388531230390072, 0.00032827406539581716
FRAME00167.jpg,6, 60, 100, 127, 0.9982572197914124, 0.0, 0.0
FRAME00167.jpg,3, 60, 103, 127, 0.0, 0.0, 0.00018032830848824233
FRAME00167.jpg,5, 63, 107, 124, 0.0, 0.0, 0.0
FRAME00167.jpg,4, 61, 108, 126, 0.0, 0.0, 0.0
FRAME00167.jpg,11, 65, 95, 127, 0.0, 0.0, 0.0
FRAME00167.jpg,0, 66, 106, 126, 0.0, 0.0, 0.0
FRAME00167.jpg,13, 67, 100, 125, 0.0, 0.0007101302035152912, 0.0
FRAME00167.jpg,7, 58, 106, 134, 0.0, 0.0, 0.0
FRAME00055.jpg,0, 68, 43, 122, 0.0, 0.0, 0.00024537084391340613
FRAME00055.jpg,0, 72, 42, 122, 0.9997358322143555, 0.0, 0.0
FRAME00055.jpg,0, 70, 49, 123, 0.0, 0.0009577329619787633, 0.0
FRAME00033.jpg,60, 52, 125, 118, 0.9998232126235962, 0.0, 0.0
FRAME00033.jpg,64, 47, 123, 120, 0.0, 0.0, 0.00011847162386402488
FRAME00033.jpg,62, 46, 129, 124, 0.0, 0.0, 0.0
FRAME00033.jpg,63, 52, 123, 123, 0.0, 0.0, 0.0
FRAME00033.jpg,66, 56, 126, 119, 0.0, 0.0041637420654296875, 0.0
FRAME00106.jpg,-2, 57, 64, 125, 0.0, 0.0, 8.445223647868261e-05
FRAME00106.jpg,-1, 58, 74, 125, 0.9998816251754761, 0.0, 0.0
FRAME00106.jpg,-9, 54, 81, 127, 0.0, 0.0, 0.0
FRAME00106.jpg,-1, 56, 82, 126, 0.0, 0.0, 0.0
FRAME00106.jpg,-1, 57, 82, 126, 0.0, 0.0, 0.0
FRAME00106.jpg,1, 60, 71, 132, 0.0, 0.0019957947079092264, 0.0
FRAME00079.jpg,66, 49, 82, 61, 0.0, 0.9980500340461731, 0.0
FRAME00079.jpg,67, 49, 82, 62, 0.0007214336656033993, 0.0, 3.476063648122363e-05
FRAME00079.jpg,37, 44, 113, 114, 0.0, 0.0, 0.0
FRAME00079.jpg,35, 39, 116, 118, 0.0, 0.0, 0.0005830656737089157
FRAME00079.jpg,36, 46, 106, 117, 0.0, 0.0, 0.0
FRAME00079.jpg,38, 47, 114, 115, 0.9998685121536255, 0.0, 0.0
FRAME00079.jpg,35, 43, 116, 118, 0.0, 0.0, 0.0
FRAME00079.jpg,40, 51, 120, 111, 0.0, 0.002032457385212183, 0.0
FRAME00079.jpg,43, 43, 117, 120, 0.0, 0.0, 0.0
FRAME00077.jpg,13, 52, 30, 64, 0.0001319018774665892, 0.9995598196983337, 4.3473315599840134e-05
FRAME00077.jpg,0, 51, 77, 117, 0.9997341632843018, 0.0, 0.0
FRAME00077.jpg,2, 47, 75, 120, 0.0, 0.0, 0.00017498138186056167
FRAME00077.jpg,3, 53, 77, 115, 0.0, 0.0, 0.0
FRAME00077.jpg,-2, 47, 83, 120, 0.0, 0.0, 0.0
FRAME00077.jpg,2, 50, 75, 126, 0.0, 0.0, 0.0
FRAME00077.jpg,4, 57, 76, 119, 0.0, 0.0023335900623351336, 0.0
FRAME00045.jpg,111, 57, 126, 69, 0.0, 0.0, 0.00040422912570647895
FRAME00045.jpg,111, 57, 126, 71, 0.0, 0.9990679621696472, 0.0
FRAME00045.jpg,113, 58, 127, 70, 0.001993907382711768, 0.0, 0.0
FRAME00045.jpg,66, 54, 121, 120, 0.0, 0.0, 0.0015657962067052722
FRAME00045.jpg,66, 57, 127, 117, 0.0, 0.0042023202404379845, 0.0
FRAME00045.jpg,62, 55, 126, 124, 0.9998511075973511, 0.0, 0.0
FRAME00045.jpg,66, 48, 123, 130, 0.0, 0.0, 0.0
FRAME00045.jpg,64, 55, 128, 124, 0.0, 0.0, 0.0
FRAME00045.jpg,58, 51, 134, 127, 0.0, 0.0, 0.0
FRAME00035.jpg,92, 44, 126, 114, 0.0, 0.0015714563196524978, 0.001241771737113595
FRAME00035.jpg,92, 50, 126, 115, 0.9995200037956238, 0.0, 0.0
FRAME00035.jpg,95, 49, 129, 115, 0.0, 0.0, 0.0
FRAME00076.jpg,7, 61, 50, 110, 0.0, 0.0048735602758824825, 0.00048316759057343006
FRAME00076.jpg,5, 60, 59, 111, 0.0, 0.0, 0.0
FRAME00076.jpg,3, 62, 55, 115, 0.9988700747489929, 0.0, 0.0
FRAME00076.jpg,5, 63, 58, 115, 0.0, 0.0, 0.0
FRAME00148.jpg,1, 74, 28, 124, 0.0, 0.00018852374341804534, 0.00010556341294432059
FRAME00148.jpg,1, 73, 32, 125, 0.9995903968811035, 0.0, 0.0
FRAME00178.jpg,0, 61, 62, 125, 0.0, 0.0, 0.00011957019160035998
FRAME00178.jpg,1, 63, 66, 124, 0.9998656511306763, 0.0, 0.0
FRAME00178.jpg,4, 60, 67, 124, 0.0, 0.0, 0.0
FRAME00178.jpg,1, 66, 67, 126, 0.0, 0.0008553669904358685, 0.0
FRAME00141.jpg,78, 56, 96, 69, 0.0, 0.0, 0.0013873034622520208
FRAME00141.jpg,80, 57, 96, 69, 0.0, 0.0, 0.0
FRAME00141.jpg,77, 58, 97, 70, 0.01649799756705761, 0.0, 0.0
FRAME00141.jpg,80, 58, 96, 70, 0.0, 0.9903793931007385, 0.0
FRAME00141.jpg,35, 57, 119, 116, 0.0, 0.0, 0.0
FRAME00141.jpg,37, 55, 118, 117, 0.0, 0.0, 0.0004388446395751089
FRAME00141.jpg,38, 56, 122, 118, 0.0, 0.0017486826982349157, 0.0
FRAME00141.jpg,35, 59, 119, 117, 0.9997097849845886, 0.0, 0.0
FRAME00141.jpg,44, 51, 112, 126, 0.0, 0.0, 0.0
FRAME00141.jpg,37, 61, 123, 115, 0.0, 0.0, 0.0
FRAME00007.jpg,15, 40, 92, 99, 0.0, 0.0, 0.00014780816854909062
FRAME00007.jpg,19, 42, 94, 99, 0.0, 0.0002664762723725289, 0.0
FRAME00007.jpg,17, 43, 92, 101, 0.0, 0.0, 0.0
FRAME00007.jpg,19, 45, 94, 100, 0.9981904625892639, 0.0, 0.0
FRAME00137.jpg,28, 48, 112, 118, 0.0, 0.0, 0.0
FRAME00137.jpg,33, 37, 108, 128, 0.0, 0.0, 0.0005508049507625401
FRAME00137.jpg,36, 46, 112, 118, 0.9997912645339966, 0.0, 0.0
FRAME00137.jpg,36, 42, 111, 121, 0.0, 0.0, 0.0
FRAME00137.jpg,40, 47, 120, 115, 0.0, 0.0034388690255582333, 0.0
FRAME00099.jpg,63, 51, 126, 114, 0.0, 6.901032611494884e-05, 1.3341489648155402e-05
FRAME00099.jpg,65, 51, 127, 115, 0.9997335076332092, 0.0, 0.0
FRAME00060.jpg,72, 58, 93, 68, 0.0, 0.9853808879852295, 0.0
FRAME00060.jpg,71, 59, 94, 69, 0.005848847329616547, 0.0, 0.0007800839375704527
FRAME00060.jpg,47, 55, 124, 118, 0.0, 0.0, 0.0007176058716140687
FRAME00060.jpg,47, 57, 130, 117, 0.0, 0.0025169525761157274, 0.0
FRAME00060.jpg,45, 56, 127, 123, 0.9995504021644592, 0.0, 0.0
FRAME00060.jpg,49, 51, 123, 127, 0.0, 0.0, 0.0
FRAME00060.jpg,48, 56, 128, 122, 0.0, 0.0, 0.0
FRAME00060.jpg,44, 55, 133, 123, 0.0, 0.0, 0.0
FRAME00071.jpg,28, 45, 112, 119, 0.0, 0.0, 0.0
FRAME00071.jpg,30, 42, 111, 122, 0.0, 0.00021123226906638592, 0.00018671195721253753
FRAME00071.jpg,34, 48, 111, 116, 0.9996306896209717, 0.0, 0.0
FRAME00071.jpg,33, 44, 112, 119, 0.0, 0.0, 0.0
FRAME00020.jpg,83, 53, 99, 66, 9.952168329618871e-05, 0.9994837641716003, 6.158720498206094e-05
FRAME00020.jpg,46, 54, 127, 116, 0.0, 0.0, 0.0
FRAME00020.jpg,53, 50, 120, 119, 0.0, 0.0, 0.0003050810191780329
FRAME00020.jpg,50, 53, 126, 118, 0.999745786190033, 0.0, 0.0
FRAME00020.jpg,48, 53, 130, 116, 0.0, 0.0, 0.0
FRAME00020.jpg,50, 52, 123, 124, 0.0, 0.0008170147193595767, 0.0
FRAME00020.jpg,51, 56, 126, 120, 0.0, 0.0, 0.0
FRAME00122.jpg,4, 54, 89, 119, 0.0, 0.0007271479698829353, 0.0009035847033374012
FRAME00122.jpg,9, 54, 88, 119, 0.0, 0.0, 0.0
FRAME00122.jpg,3, 55, 95, 119, 0.0, 0.0, 0.0
FRAME00122.jpg,2, 55, 91, 122, 0.0, 0.0, 0.0
FRAME00122.jpg,4, 50, 89, 127, 0.0, 0.0, 0.0
FRAME00122.jpg,6, 56, 91, 121, 0.999656617641449, 0.0, 0.0
FRAME00122.jpg,5, 50, 93, 127, 0.0, 0.0, 0.0
FRAME00089.jpg,-1, 60, 63, 126, 0.0, 0.0, 0.0
FRAME00089.jpg,0, 63, 65, 123, 0.9998911619186401, 0.0, 0.0
FRAME00089.jpg,0, 65, 62, 126, 0.0, 0.0, 0.00011429459846112877
FRAME00089.jpg,1, 65, 64, 126, 0.0, 0.0007286294712685049, 0.0
FRAME00096.jpg,4, 54, 85, 120, 0.0, 0.0, 0.0
FRAME00096.jpg,5, 54, 85, 119, 0.0, 0.0, 0.0005326605751179159
FRAME00096.jpg,10, 59, 86, 114, 0.0, 0.00420043570920825, 0.0
FRAME00096.jpg,5, 56, 84, 121, 0.9998824596405029, 0.0, 0.0
FRAME00096.jpg,4, 53, 85, 124, 0.0, 0.0, 0.0
FRAME00096.jpg,3, 58, 93, 119, 0.0, 0.0, 0.0
FRAME00096.jpg,11, 53, 85, 125, 0.0, 0.0, 0.0
FRAME00165.jpg,78, 64, 96, 78, 0.0, 0.0, 0.0
FRAME00165.jpg,78, 64, 98, 78, 0.0, 0.9989913105964661, 0.0
FRAME00165.jpg,80, 66, 94, 78, 0.006348802708089352, 0.0, 0.0
FRAME00165.jpg,78, 65, 98, 78, 0.0, 0.0, 0.0002407481661066413
FRAME00165.jpg,39, 63, 118, 123, 0.0, 0.0, 0.0
FRAME00165.jpg,41, 54, 116, 131, 0.0, 0.0, 0.00041117239743471146
FRAME00165.jpg,39, 61, 122, 126, 0.9997180104255676, 0.0, 0.0
FRAME00165.jpg,29, 57, 132, 128, 0.0, 0.0, 0.0
FRAME00165.jpg,41, 59, 116, 132, 0.0, 0.0010054053273051977, 0.0
FRAME00165.jpg,42, 66, 120, 126, 0.0, 0.0, 0.0
FRAME00102.jpg,1, 66, 85, 124, 0.0, 0.000891487579792738, 0.0008133544470183551
FRAME00102.jpg,-3, 69, 81, 126, 0.0, 0.0, 0.0
FRAME00102.jpg,-1, 62, 79, 133, 0.0, 0.0, 0.0
FRAME00102.jpg,1, 70, 83, 126, 0.9999191761016846, 0.0, 0.0
FRAME00102.jpg,-1, 64, 86, 130, 0.0, 0.0, 0.0
FRAME00163.jpg,25, 64, 42, 78, 0.0, 0.0, 9.275999764213338e-05
FRAME00163.jpg,25, 65, 42, 79, 0.0001502557279309258, 0.9995741248130798, 0.0
FRAME00163.jpg,1, 62, 87, 123, 0.9990119934082031, 0.0, 0.0
FRAME00163.jpg,-1, 59, 91, 125, 0.0, 0.0, 0.00016144278924912214
FRAME00163.jpg,-9, 60, 107, 125, 0.0, 0.0, 0.0
FRAME00163.jpg,-11, 61, 109, 126, 0.0, 0.0, 0.0
FRAME00163.jpg,7, 64, 83, 127, 0.0, 0.0, 0.0
FRAME00163.jpg,5, 69, 92, 123, 0.0, 0.00182735628914088, 0.0
FRAME00008.jpg,32, 39, 108, 100, 0.9987297058105469, 0.0, 0.0
FRAME00008.jpg,35, 34, 106, 103, 0.0, 0.00046370760537683964, 0.000331480783643201
FRAME00008.jpg,35, 39, 110, 100, 0.0, 0.0, 0.0
FRAME00008.jpg,31, 40, 115, 97, 0.0, 0.0, 0.0
FRAME00008.jpg,33, 40, 107, 104, 0.0, 0.0, 0.0
FRAME00008.jpg,35, 41, 110, 103, 0.0, 0.0, 0.0
FRAME00008.jpg,78, 90, 124, 129, 0.0, 0.0015066437190398574, 0.0
FRAME00008.jpg,86, 91, 127, 128, 0.0, 0.0, 0.0
FRAME00008.jpg,72, 102, 130, 126, 0.0, 0.0, 0.001227071275934577
FRAME00008.jpg,82, 102, 131, 126, 0.929168701171875, 0.0, 0.0
FRAME00110.jpg,66, 49, 124, 123, 0.0, 0.0, 0.0
FRAME00110.jpg,66, 51, 128, 121, 0.9995113015174866, 0.0, 0.0
FRAME00110.jpg,66, 52, 123, 124, 0.0, 0.0010489042615517974, 0.00014517595991492271
FRAME00110.jpg,67, 52, 127, 124, 0.0, 0.0, 0.0
FRAME00177.jpg,0, 66, 44, 121, 0.9996903538703918, 0.0, 0.0
FRAME00177.jpg,0, 64, 48, 123, 0.0, 0.0, 0.0
FRAME00177.jpg,0, 70, 43, 122, 0.0, 0.0, 0.0
FRAME00177.jpg,0, 69, 48, 123, 0.0, 0.0030632023699581623, 0.0003907009959220886
FRAME00153.jpg,38, 61, 119, 123, 0.0, 0.0, 0.0
FRAME00153.jpg,38, 56, 119, 126, 0.0, 0.0004262506845407188, 0.0003495463461149484
FRAME00153.jpg,40, 61, 120, 122, 0.9997161030769348, 0.0, 0.0
FRAME00153.jpg,32, 58, 129, 124, 0.0, 0.0, 0.0
FRAME00157.jpg,0, 50, 73, 108, 0.0, 0.0, 0.00011439013906056061
FRAME00157.jpg,1, 51, 72, 111, 0.9998904466629028, 0.0, 0.0
FRAME00157.jpg,2, 53, 77, 109, 0.0, 0.0007508826092816889, 0.0
FRAME00043.jpg,60, 65, 81, 76, 0.0, 0.9410963654518127, 0.0
FRAME00043.jpg,62, 64, 82, 77, 0.0, 0.0, 0.0
FRAME00043.jpg,59, 67, 81, 78, 0.02121019922196865, 0.0, 0.002678993158042431
FRAME00043.jpg,18, 61, 106, 127, 0.0, 0.0, 0.0
FRAME00043.jpg,16, 59, 109, 128, 0.0, 0.0, 0.00032541039399802685
FRAME00043.jpg,22, 60, 107, 128, 0.9992029070854187, 0.0, 0.0
FRAME00043.jpg,10, 58, 119, 129, 0.0, 0.0, 0.0
FRAME00043.jpg,20, 63, 104, 129, 0.0, 0.0, 0.0
FRAME00043.jpg,15, 66, 109, 126, 0.0, 0.0, 0.0
FRAME00043.jpg,21, 65, 107, 126, 0.0, 0.0003714837075676769, 0.0
FRAME00043.jpg,18, 59, 111, 132, 0.0, 0.0, 0.0
FRAME00013.jpg,0, 62, 63, 125, 0.0, 0.0, 0.0
FRAME00013.jpg,0, 62, 66, 124, 0.9999058246612549, 0.0, 0.0
FRAME00013.jpg,0, 59, 70, 124, 0.0, 0.0, 0.0
FRAME00013.jpg,-1, 64, 63, 128, 0.0, 0.0019946922548115253, 0.00020996711100451648
FRAME00013.jpg,0, 65, 67, 126, 0.0, 0.0, 0.0
FRAME00182.jpg,66, 63, 86, 73, 0.002777968067675829, 0.9664701819419861, 0.0024308054707944393
FRAME00182.jpg,37, 62, 116, 124, 0.9998538494110107, 0.0, 0.0
FRAME00182.jpg,40, 58, 114, 126, 0.0, 0.0, 9.994961874326691e-05
FRAME00182.jpg,37, 60, 122, 127, 0.0, 0.0, 0.0
FRAME00182.jpg,30, 64, 129, 123, 0.0, 0.0, 0.0
FRAME00182.jpg,39, 63, 115, 128, 0.0, 0.0, 0.0
FRAME00182.jpg,39, 72, 121, 119, 0.0, 0.009776624850928783, 0.0
FRAME00082.jpg,94, 47, 127, 109, 0.0, 0.0, 0.0
FRAME00082.jpg,100, 52, 127, 103, 0.9992465376853943, 0.0, 0.0
FRAME00082.jpg,95, 56, 126, 104, 0.0, 0.004751763306558132, 0.0005545953754335642
FRAME00082.jpg,98, 55, 128, 105, 0.0, 0.0, 0.0
FRAME00042.jpg,32, 67, 56, 80, 0.0015861581778153777, 0.9945487976074219, 0.0007673100917600095
FRAME00042.jpg,2, 62, 90, 127, 0.0, 0.0, 0.0
FRAME00042.jpg,4, 65, 89, 123, 0.0, 0.0, 0.0005814240430481732
FRAME00042.jpg,7, 63, 89, 126, 0.0, 0.0005149009521119297, 0.0
FRAME00042.jpg,-2, 66, 99, 123, 0.0, 0.0, 0.0
FRAME00042.jpg,2, 68, 90, 124, 0.9997143149375916, 0.0, 0.0
FRAME00042.jpg,7, 63, 86, 129, 0.0, 0.0, 0.0
FRAME00042.jpg,3, 68, 93, 124, 0.0, 0.0, 0.0
FRAME00042.jpg,0, 60, 97, 133, 0.0, 0.0, 0.0
FRAME00093.jpg,75, 49, 127, 123, 0.9992160797119141, 0.0, 0.0
FRAME00093.jpg,79, 50, 129, 122, 0.0, 0.0, 0.0002000496897380799
FRAME00093.jpg,74, 54, 127, 122, 0.0, 0.0, 0.0
FRAME00093.jpg,78, 53, 130, 123, 0.0, 0.0029791812412440777, 0.0
FRAME00147.jpg,80, 40, 122, 118, 0.0, 0.001965582137927413, 0.00046497449511662126
FRAME00147.jpg,77, 47, 125, 115, 0.9983457326889038, 0.0, 0.0
FRAME00147.jpg,81, 46, 127, 116, 0.0, 0.0, 0.0
FRAME00108.jpg,30, 53, 106, 121, 0.0, 0.0015492644160985947, 0.0012754027266055346
FRAME00108.jpg,26, 55, 110, 124, 0.999893069267273, 0.0, 0.0
FRAME00108.jpg,19, 55, 116, 123, 0.0, 0.0, 0.0
FRAME00108.jpg,25, 58, 118, 121, 0.0, 0.0, 0.0
FRAME00108.jpg,31, 56, 113, 123, 0.0, 0.0, 0.0
FRAME00069.jpg,1, 53, 61, 112, 0.0, 0.0018145128851756454, 7.473186997231096e-05
FRAME00069.jpg,0, 52, 72, 116, 0.9999182224273682, 0.0, 0.0
FRAME00069.jpg,-2, 45, 75, 121, 0.0, 0.0, 0.0
FRAME00069.jpg,-2, 51, 82, 117, 0.0, 0.0, 0.0
FRAME00069.jpg,3, 53, 71, 123, 0.0, 0.0, 0.0
FRAME00116.jpg,34, 53, 123, 127, 0.0, 0.0, 0.0
FRAME00116.jpg,40, 54, 117, 126, 0.0, 0.0, 0.00045162305468693376
FRAME00116.jpg,41, 58, 123, 123, 0.999911904335022, 0.0, 0.0
FRAME00116.jpg,38, 52, 126, 127, 0.0, 0.0, 0.0
FRAME00116.jpg,48, 60, 127, 120, 0.0, 0.0018866246100515127, 0.0
FRAME00016.jpg,35, 60, 121, 121, 0.9997668266296387, 0.0, 0.0
FRAME00016.jpg,37, 55, 119, 125, 0.0, 0.0002326925896340981, 0.00017331357230432332
FRAME00016.jpg,37, 60, 124, 120, 0.0, 0.0, 0.0
FRAME00016.jpg,31, 56, 129, 124, 0.0, 0.0, 0.0
FRAME00067.jpg,81, 44, 124, 114, 0.0, 0.0029306430369615555, 0.0005136642139405012
FRAME00067.jpg,81, 45, 128, 113, 0.0, 0.0, 0.0
FRAME00067.jpg,80, 48, 124, 114, 0.9987678527832031, 0.0, 0.0
FRAME00067.jpg,81, 47, 127, 114, 0.0, 0.0, 0.0
FRAME00030.jpg,73, 25, 128, 99, 0.0, 0.0, 0.0
FRAME00030.jpg,74, 26, 129, 96, 0.0, 0.0, 0.0
FRAME00030.jpg,77, 22, 130, 102, 0.0, 0.0, 0.00011396071204217151
FRAME00030.jpg,74, 27, 127, 102, 0.9997190833091736, 0.0, 0.0
FRAME00030.jpg,76, 25, 131, 103, 0.0, 0.0027441380079835653, 0.0
FRAME00117.jpg,61, 56, 127, 118, 0.0, 0.0, 0.00018440000712871552
FRAME00117.jpg,65, 53, 128, 120, 0.0, 0.0008560990099795163, 0.0
FRAME00117.jpg,61, 56, 126, 121, 0.9993364810943604, 0.0, 0.0
FRAME00117.jpg,64, 54, 128, 122, 0.0, 0.0, 0.0
FRAME00113.jpg,-1, 66, 61, 123, 0.0, 0.0, 0.0
FRAME00113.jpg,-1, 66, 66, 123, 0.0, 0.0013544256798923016, 0.00012854023952968419
FRAME00113.jpg,-2, 68, 62, 124, 0.9991788864135742, 0.0, 0.0
FRAME00113.jpg,-1, 68, 66, 124, 0.0, 0.0, 0.0
FRAME00142.jpg,113, 54, 124, 65, 0.0039053994696587324, 0.6632537841796875, 0.001971487421542406
FRAME00142.jpg,117, 54, 124, 64, 0.0, 0.0, 0.0
FRAME00142.jpg,65, 52, 124, 117, 0.0, 0.0, 0.0
FRAME00142.jpg,68, 54, 127, 116, 0.9996994137763977, 0.0, 0.0
FRAME00142.jpg,67, 57, 129, 119, 0.0, 0.003485409077256918, 0.0001878925831988454
FRAME00070.jpg,11, 46, 93, 120, 0.9999383687973022, 0.0, 0.0
FRAME00070.jpg,9, 46, 95, 119, 0.0, 0.0, 3.977106462116353e-05
FRAME00070.jpg,10, 50, 101, 116, 0.0, 0.0, 0.0
FRAME00070.jpg,9, 42, 102, 125, 0.0, 0.0, 0.0
FRAME00070.jpg,17, 44, 88, 131, 0.0, 0.002474288921803236, 0.0
FRAME00138.jpg,65, 39, 124, 116, 0.0, 0.0, 0.0
FRAME00138.jpg,61, 37, 128, 116, 0.0, 0.0, 0.0005008728476241231
FRAME00138.jpg,67, 42, 127, 113, 0.9991881847381592, 0.0, 0.0
FRAME00138.jpg,65, 43, 130, 110, 0.0, 0.0, 0.0
FRAME00138.jpg,64, 45, 124, 116, 0.0, 0.0, 0.0
FRAME00138.jpg,67, 46, 126, 114, 0.0, 0.0024005037266761065, 0.0
FRAME00025.jpg,110, 55, 126, 66, 0.00012076795974280685, 0.9991567134857178, 4.7286561311921105e-05
FRAME00025.jpg,65, 47, 124, 125, 0.0, 0.0005262012709863484, 0.0001194079959532246
FRAME00025.jpg,66, 50, 127, 123, 0.9990063905715942, 0.0, 0.0
FRAME00025.jpg,62, 50, 132, 120, 0.0, 0.0, 0.0
FRAME00025.jpg,65, 53, 124, 124, 0.0, 0.0, 0.0
FRAME00025.jpg,66, 52, 126, 124, 0.0, 0.0, 0.0
FRAME00052.jpg,40, 49, 117, 123, 0.0, 0.001265081693418324, 0.0
FRAME00052.jpg,37, 49, 120, 124, 0.0, 0.0, 0.001464684261009097
FRAME00052.jpg,45, 49, 116, 124, 0.0, 0.0, 0.0
FRAME00052.jpg,37, 47, 125, 126, 0.0, 0.0, 0.0
FRAME00052.jpg,37, 52, 120, 125, 0.0, 0.0, 0.0
FRAME00052.jpg,35, 52, 122, 125, 0.0, 0.0, 0.0
FRAME00052.jpg,41, 53, 121, 124, 0.9995816349983215, 0.0, 0.0
FRAME00052.jpg,37, 48, 125, 128, 0.0, 0.0, 0.0
FRAME00019.jpg,56, 55, 73, 67, 3.238524732296355e-05, 0.9997254014015198, 2.6913912734016776e-05
FRAME00019.jpg,31, 53, 108, 118, 0.9995738863945007, 0.0, 0.0
FRAME00019.jpg,34, 52, 107, 117, 0.0, 0.0, 0.00019781311857514083
FRAME00019.jpg,33, 52, 111, 119, 0.0, 0.0, 0.0
FRAME00019.jpg,26, 53, 118, 117, 0.0, 0.0, 0.0
FRAME00019.jpg,34, 53, 105, 123, 0.0, 0.0, 0.0
FRAME00019.jpg,35, 56, 109, 120, 0.0, 0.000979286851361394, 0.0
FRAME00039.jpg,49, 62, 124, 128, 0.0, 0.0, 0.0
FRAME00039.jpg,43, 59, 131, 128, 0.0, 0.0006872946978546679, 0.0008156581316143274
FRAME00039.jpg,51, 62, 126, 127, 0.0, 0.0, 0.0
FRAME00039.jpg,46, 63, 132, 125, 0.0, 0.0, 0.0
FRAME00039.jpg,48, 65, 125, 127, 0.0, 0.0, 0.0
FRAME00039.jpg,51, 66, 126, 126, 0.9991962313652039, 0.0, 0.0
FRAME00109.jpg,48, 53, 123, 120, 0.0, 0.0, 0.0
FRAME00109.jpg,42, 48, 130, 124, 0.0, 0.0, 0.0009405861492268741
FRAME00109.jpg,50, 53, 126, 120, 0.0, 0.0021869330666959286, 0.0
FRAME00109.jpg,49, 55, 123, 122, 0.9994494915008545, 0.0, 0.0
FRAME00109.jpg,50, 49, 122, 129, 0.0, 0.0, 0.0
FRAME00109.jpg,51, 56, 125, 121, 0.0, 0.0, 0.0
FRAME00109.jpg,43, 49, 133, 128, 0.0, 0.0, 0.0
FRAME00118.jpg,79, 53, 126, 119, 0.0, 0.0, 0.0
FRAME00118.jpg,81, 53, 128, 119, 0.9985280632972717, 0.0, 0.0
FRAME00118.jpg,78, 55, 126, 121, 0.0, 0.0019504857482388616, 0.0003261155798099935
FRAME00118.jpg,80, 55, 129, 122, 0.0, 0.0, 0.0
FRAME00088.jpg,63, 47, 126, 125, 0.0, 0.0, 0.0
FRAME00088.jpg,65, 49, 128, 123, 0.999509871006012, 0.0, 0.0
FRAME00088.jpg,64, 48, 130, 122, 0.0, 0.0, 0.0
FRAME00088.jpg,66, 51, 123, 125, 0.0, 0.0006756882066838443, 8.037843508645892e-05
FRAME00088.jpg,68, 51, 125, 124, 0.0, 0.0, 0.0
FRAME00049.jpg,11, 62, 27, 71, 0.0020716350991278887, 0.005901251919567585, 0.8644298315048218
FRAME00049.jpg,0, 53, 75, 120, 0.0, 0.0, 0.0
FRAME00049.jpg,0, 47, 77, 125, 0.0, 0.0, 0.0009535936987958848
FRAME00049.jpg,0, 57, 80, 117, 0.0, 0.0015612744027748704, 0.0
FRAME00049.jpg,-6, 52, 88, 122, 0.0, 0.0, 0.0
FRAME00049.jpg,-1, 52, 78, 125, 0.0, 0.0, 0.0
FRAME00049.jpg,0, 47, 78, 131, 0.0, 0.0, 0.0
FRAME00049.jpg,1, 56, 80, 122, 0.9997202754020691, 0.0, 0.0
FRAME00049.jpg,-2, 49, 84, 129, 0.0, 0.0, 0.0
FRAME00115.jpg,45, 70, 61, 78, 0.002163555473089218, 0.014589257538318634, 0.8892222046852112
FRAME00115.jpg,20, 57, 105, 126, 0.0, 0.0, 0.0
FRAME00115.jpg,22, 54, 103, 128, 0.0, 0.0, 0.0005349801504053175
FRAME00115.jpg,21, 58, 112, 125, 0.9998645782470703, 0.0, 0.0
FRAME00115.jpg,20, 56, 113, 126, 0.0, 0.0, 0.0
FRAME00115.jpg,20, 59, 123, 123, 0.0, 0.0018521485617384315, 0.0
FRAME00115.jpg,16, 55, 128, 129, 0.0, 0.0, 0.0
FRAME00140.jpg,41, 60, 58, 73, 0.00028352608205750585, 0.9988969564437866, 0.00024534633848816156
FRAME00140.jpg,11, 60, 88, 114, 0.0, 0.004871828015893698, 0.0004793834232259542
FRAME00140.jpg,2, 61, 91, 119, 0.0, 0.0, 0.0
FRAME00140.jpg,6, 51, 88, 129, 0.0, 0.0, 0.0
FRAME00140.jpg,7, 60, 90, 119, 0.9998750686645508, 0.0, 0.0
FRAME00140.jpg,0, 55, 99, 124, 0.0, 0.0, 0.0
FRAME00094.jpg,0, 67, 45, 120, 0.9996762871742249, 0.0, 0.0
FRAME00094.jpg,1, 67, 46, 120, 0.0, 0.0, 0.0
FRAME00094.jpg,0, 70, 44, 122, 0.0, 0.0, 0.0
FRAME00094.jpg,-1, 69, 50, 123, 0.0, 0.002902987413108349, 0.0002678838500287384
FRAME00005.jpg,-4, 51, 64, 101, 0.9987017512321472, 0.0, 0.0
FRAME00005.jpg,-4, 51, 69, 101, 0.0, 0.0, 0.0
FRAME00005.jpg,-3, 56, 63, 104, 0.0, 0.0, 0.00044943869579583406
FRAME00005.jpg,-1, 58, 67, 103, 0.0, 0.003650267841294408, 0.0
FRAME00005.jpg,64, 62, 126, 124, 0.0, 0.0, 0.0
FRAME00005.jpg,66, 62, 128, 125, 0.9996617436408997, 0.0, 0.0
FRAME00005.jpg,64, 65, 126, 126, 0.0, 0.0022024018689990044, 0.00021542196918744594
FRAME00005.jpg,70, 66, 126, 126, 0.0, 0.0, 0.0
FRAME00012.jpg,1, 66, 45, 123, 0.0, 0.0, 0.0
FRAME00012.jpg,2, 65, 46, 123, 0.9985774755477905, 0.0, 0.0
FRAME00012.jpg,0, 68, 45, 124, 0.0, 0.0007876240997575223, 0.00021523411851376295
FRAME00012.jpg,0, 67, 49, 124, 0.0, 0.0, 0.0
FRAME00023.jpg,36, 61, 58, 73, 0.0009912033565342426, 0.0, 0.00012148918904131278
FRAME00023.jpg,37, 60, 60, 73, 0.0, 0.9987842440605164, 0.0
FRAME00023.jpg,10, 59, 97, 123, 0.9997467994689941, 0.0, 0.0
FRAME00023.jpg,6, 55, 101, 126, 0.0, 0.0, 0.00011155267566209659
FRAME00023.jpg,12, 61, 100, 120, 0.0, 0.00020418369967956096, 0.0
FRAME00023.jpg,3, 59, 109, 122, 0.0, 0.0, 0.0
FRAME00105.jpg,1, 63, 53, 126, 0.0, 0.00015212448488455266, 4.114255352760665e-05
FRAME00105.jpg,1, 67, 53, 127, 0.9997686147689819, 0.0, 0.0
FRAME00107.jpg,0, 57, 94, 124, 0.0, 0.0, 0.0
FRAME00107.jpg,0, 53, 94, 128, 0.0, 0.00025864990311674774, 0.0002356208860874176
FRAME00107.jpg,5, 59, 92, 122, 0.9998748302459717, 0.0, 0.0
FRAME00107.jpg,0, 56, 98, 125, 0.0, 0.0, 0.0
FRAME00010.jpg,66, 40, 123, 96, 0.0, 0.0, 0.0
FRAME00010.jpg,69, 39, 127, 98, 0.999846339225769, 0.0, 0.0
FRAME00010.jpg,70, 42, 127, 102, 0.0, 0.001011695247143507, 0.00021644687512889504
FRAME00091.jpg,28, 57, 110, 124, 0.9998779296875, 0.0, 0.0
FRAME00091.jpg,28, 50, 110, 130, 0.0, 0.0, 6.603365181945264e-05
FRAME00091.jpg,28, 58, 115, 122, 0.0, 0.0003168688854202628, 0.0
FRAME00091.jpg,23, 57, 120, 123, 0.0, 0.0, 0.0
FRAME00017.jpg,58, 58, 126, 123, 0.9999042749404907, 0.0, 0.0
FRAME00017.jpg,62, 54, 124, 125, 0.0, 0.0, 6.707008287776262e-05
FRAME00017.jpg,61, 57, 131, 123, 0.0, 0.0006203974480740726, 0.0
FRAME00183.jpg,86, 64, 99, 71, 0.006819514092057943, 0.6630344986915588, 0.01735408417880535
FRAME00183.jpg,48, 62, 125, 124, 0.0, 0.0, 0.0
FRAME00183.jpg,53, 53, 121, 131, 0.0, 0.0, 0.00026637010159902275
FRAME00183.jpg,50, 62, 126, 124, 0.9997864961624146, 0.0, 0.0
FRAME00183.jpg,48, 58, 129, 126, 0.0, 0.0, 0.0
FRAME00183.jpg,50, 61, 123, 130, 0.0, 0.0010195027571171522, 0.0
FRAME00183.jpg,52, 64, 125, 127, 0.0, 0.0, 0.0
FRAME00046.jpg,77, 56, 125, 125, 0.9983013272285461, 0.0002486512821633369, 0.0
FRAME00046.jpg,81, 57, 128, 122, 0.0, 0.0, 4.98023655381985e-05
FRAME00098.jpg,41, 50, 117, 122, 0.0, 0.0, 0.0
FRAME00098.jpg,41, 48, 117, 121, 0.0, 0.0011478157248347998, 0.0007347977953031659
FRAME00098.jpg,43, 54, 119, 118, 0.9998131990432739, 0.0, 0.0
FRAME00098.jpg,41, 50, 122, 120, 0.0, 0.0, 0.0
FRAME00098.jpg,40, 51, 117, 125, 0.0, 0.0, 0.0
FRAME00098.jpg,44, 55, 118, 120, 0.0, 0.0, 0.0
FRAME00160.jpg,51, 48, 121, 110, 0.0, 0.0, 0.0
FRAME00160.jpg,51, 48, 125, 109, 0.0, 0.0011244412744417787, 0.0005124404560774565
FRAME00160.jpg,51, 49, 120, 112, 0.9998091459274292, 0.0, 0.0
FRAME00160.jpg,52, 49, 124, 112, 0.0, 0.0, 0.0
FRAME00081.jpg,79, 47, 126, 109, 0.9993069767951965, 0.0, 0.0
FRAME00081.jpg,80, 45, 128, 110, 0.0, 0.0, 0.0
FRAME00081.jpg,79, 50, 125, 109, 0.0, 0.0, 0.00030427929596044123
FRAME00081.jpg,80, 50, 128, 110, 0.0, 0.002351005794480443, 0.0
FRAME00004.jpg,105, 61, 121, 75, 0.00262655527330935, 0.9691652059555054, 0.0024649600964039564
FRAME00004.jpg,0, 56, 44, 99, 0.9964868426322937, 0.0, 0.0
FRAME00004.jpg,0, 57, 49, 98, 0.0, 0.0, 0.0
FRAME00004.jpg,0, 60, 43, 101, 0.0, 0.0, 0.0
FRAME00004.jpg,-1, 58, 50, 104, 0.0, 0.001330508035607636, 0.00024275116447824985
FRAME00004.jpg,48, 58, 126, 125, 0.0, 0.0, 0.0
FRAME00004.jpg,48, 51, 125, 130, 0.0, 0.0, 0.0003563095233403146
FRAME00004.jpg,50, 59, 128, 124, 0.9999107122421265, 0.0, 0.0
FRAME00004.jpg,46, 56, 132, 124, 0.0, 0.0, 0.0
FRAME00004.jpg,55, 64, 124, 128, 0.0, 0.0020790814887732267, 0.0
FRAME00047.jpg,1, 67, 37, 119, 0.9997684955596924, 0.0, 0.0
FRAME00047.jpg,0, 71, 38, 122, 0.0, 0.0004818630695808679, 9.971888357540593e-05
FRAME00136.jpg,40, 54, 59, 66, 0.004905735142529011, 0.970630943775177, 0.002078052144497633
FRAME00136.jpg,6, 49, 86, 120, 0.9991923570632935, 0.0, 0.0
FRAME00136.jpg,5, 45, 88, 124, 0.0, 0.0, 0.0
FRAME00136.jpg,9, 50, 87, 120, 0.0, 0.0, 0.0
FRAME00136.jpg,4, 47, 92, 123, 0.0, 0.0, 0.0
FRAME00136.jpg,10, 53, 81, 123, 0.0, 0.0, 0.0
FRAME00136.jpg,6, 52, 86, 124, 0.0, 0.0, 0.00023669099027756602
FRAME00136.jpg,9, 55, 87, 120, 0.0, 0.0012846633326262236, 0.0
FRAME00136.jpg,11, 45, 85, 131, 0.0, 0.0, 0.0
FRAME00015.jpg,8, 62, 101, 123, 0.0, 0.0, 0.0
FRAME00015.jpg,12, 55, 97, 129, 0.0, 0.0014465033309534192, 0.0007736246334388852
FRAME00015.jpg,12, 62, 106, 122, 0.9998970031738281, 0.0, 0.0
FRAME00015.jpg,8, 59, 109, 124, 0.0, 0.0, 0.0
FRAME00015.jpg,13, 61, 114, 121, 0.0, 0.0, 0.0
FRAME00015.jpg,14, 61, 113, 123, 0.0, 0.0, 0.0
FRAME00015.jpg,19, 60, 98, 131, 0.0, 0.0, 0.0
